(kicad_pcb (version 20171130) (host pcbnew "(2018-02-15 revision 29b28de31)-makepkg")

  (general
    (thickness 1.6)
    (drawings 12)
    (tracks 592)
    (zones 0)
    (modules 38)
    (nets 61)
  )

  (page A4)
  (layers
    (0 F.Cu mixed)
    (1 In1.Cu signal)
    (2 In2.Cu signal)
    (31 B.Cu mixed)
    (32 B.Adhes user)
    (33 F.Adhes user)
    (34 B.Paste user)
    (35 F.Paste user)
    (36 B.SilkS user)
    (37 F.SilkS user)
    (38 B.Mask user)
    (39 F.Mask user)
    (40 Dwgs.User user)
    (41 Cmts.User user)
    (42 Eco1.User user)
    (43 Eco2.User user)
    (44 Edge.Cuts user)
    (45 Margin user)
    (46 B.CrtYd user)
    (47 F.CrtYd user)
    (48 B.Fab user)
    (49 F.Fab user)
  )

  (setup
    (last_trace_width 0.25)
    (trace_clearance 0.2)
    (zone_clearance 0.508)
    (zone_45_only no)
    (trace_min 0.2)
    (segment_width 0.2)
    (edge_width 0.15)
    (via_size 0.8)
    (via_drill 0.4)
    (via_min_size 0.4)
    (via_min_drill 0.3)
    (uvia_size 0.3)
    (uvia_drill 0.1)
    (uvias_allowed no)
    (uvia_min_size 0.2)
    (uvia_min_drill 0.1)
    (pcb_text_width 0.3)
    (pcb_text_size 1.5 1.5)
    (mod_edge_width 0.15)
    (mod_text_size 0.8 0.8)
    (mod_text_width 0.15)
    (pad_size 1.524 1.524)
    (pad_drill 0.762)
    (pad_to_mask_clearance 0.2)
    (aux_axis_origin 0 0)
    (visible_elements 7FFFFFFF)
    (pcbplotparams
      (layerselection 0x010fc_ffffffff)
      (usegerberextensions false)
      (usegerberattributes false)
      (usegerberadvancedattributes false)
      (creategerberjobfile false)
      (excludeedgelayer true)
      (linewidth 0.100000)
      (plotframeref false)
      (viasonmask false)
      (mode 1)
      (useauxorigin false)
      (hpglpennumber 1)
      (hpglpenspeed 20)
      (hpglpendiameter 15)
      (psnegative false)
      (psa4output false)
      (plotreference true)
      (plotvalue true)
      (plotinvisibletext false)
      (padsonsilk false)
      (subtractmaskfromsilk false)
      (outputformat 1)
      (mirror false)
      (drillshape 1)
      (scaleselection 1)
      (outputdirectory ""))
  )

  (net 0 "")
  (net 1 "Net-(J1-Pad10)")
  (net 2 "Net-(J1-Pad12)")
  (net 3 "Net-(J1-Pad14)")
  (net 4 "Net-(J1-Pad9)")
  (net 5 "Net-(J1-Pad11)")
  (net 6 "Net-(J1-Pad13)")
  (net 7 "Net-(J2-Pad15)")
  (net 8 "Net-(J2-Pad13)")
  (net 9 "Net-(J2-Pad11)")
  (net 10 "Net-(J2-Pad9)")
  (net 11 "Net-(J2-Pad7)")
  (net 12 "Net-(J2-Pad3)")
  (net 13 "Net-(J2-Pad16)")
  (net 14 "Net-(J2-Pad14)")
  (net 15 "Net-(J2-Pad12)")
  (net 16 "Net-(J2-Pad10)")
  (net 17 "Net-(J2-Pad8)")
  (net 18 "Net-(J2-Pad6)")
  (net 19 "Net-(J2-Pad2)")
  (net 20 U_D-)
  (net 21 U_D+)
  (net 22 MISO_O)
  (net 23 MOSI_O)
  (net 24 CLK_O)
  (net 25 CS0_O)
  (net 26 MISO_E)
  (net 27 CS2_E)
  (net 28 CS1_E)
  (net 29 CS0_E)
  (net 30 MOSI_E)
  (net 31 CLK_E)
  (net 32 3V3_C)
  (net 33 GND_C)
  (net 34 GND_I)
  (net 35 3V3_I)
  (net 36 3V3_O)
  (net 37 "Net-(FW_RST1-Pad1)")
  (net 38 "Net-(R1-Pad2)")
  (net 39 "Net-(U3-Pad5)")
  (net 40 ~RST)
  (net 41 "Net-(DONE1-Pad1)")
  (net 42 "Net-(RST1-Pad1)")
  (net 43 /GP18)
  (net 44 /GP17)
  (net 45 /GP16)
  (net 46 /GP15)
  (net 47 /GP11)
  (net 48 /GP19)
  (net 49 MISO_O_ISO)
  (net 50 "Net-(U4-Pad3)")
  (net 51 "Net-(D6-Pad1)")
  (net 52 "Net-(D5-Pad1)")
  (net 53 "Net-(D4-Pad1)")
  (net 54 "Net-(D3-Pad1)")
  (net 55 "Net-(D2-Pad1)")
  (net 56 "Net-(D1-Pad1)")
  (net 57 CSMUX_0)
  (net 58 CSMUX_1)
  (net 59 CS_SPARE)
  (net 60 "Net-(MET_SEL1-Pad1)")

  (net_class Default "This is the default net class."
    (clearance 0.2)
    (trace_width 0.25)
    (via_dia 0.8)
    (via_drill 0.4)
    (uvia_dia 0.3)
    (uvia_drill 0.1)
    (add_net /GP11)
    (add_net /GP15)
    (add_net /GP16)
    (add_net /GP17)
    (add_net /GP18)
    (add_net /GP19)
    (add_net 3V3_C)
    (add_net 3V3_I)
    (add_net 3V3_O)
    (add_net CLK_E)
    (add_net CLK_O)
    (add_net CS0_E)
    (add_net CS0_O)
    (add_net CS1_E)
    (add_net CS2_E)
    (add_net CSMUX_0)
    (add_net CSMUX_1)
    (add_net CS_SPARE)
    (add_net GND_C)
    (add_net GND_I)
    (add_net MISO_E)
    (add_net MISO_O)
    (add_net MISO_O_ISO)
    (add_net MOSI_E)
    (add_net MOSI_O)
    (add_net "Net-(D1-Pad1)")
    (add_net "Net-(D2-Pad1)")
    (add_net "Net-(D3-Pad1)")
    (add_net "Net-(D4-Pad1)")
    (add_net "Net-(D5-Pad1)")
    (add_net "Net-(D6-Pad1)")
    (add_net "Net-(DONE1-Pad1)")
    (add_net "Net-(FW_RST1-Pad1)")
    (add_net "Net-(J1-Pad10)")
    (add_net "Net-(J1-Pad11)")
    (add_net "Net-(J1-Pad12)")
    (add_net "Net-(J1-Pad13)")
    (add_net "Net-(J1-Pad14)")
    (add_net "Net-(J1-Pad9)")
    (add_net "Net-(J2-Pad10)")
    (add_net "Net-(J2-Pad11)")
    (add_net "Net-(J2-Pad12)")
    (add_net "Net-(J2-Pad13)")
    (add_net "Net-(J2-Pad14)")
    (add_net "Net-(J2-Pad15)")
    (add_net "Net-(J2-Pad16)")
    (add_net "Net-(J2-Pad2)")
    (add_net "Net-(J2-Pad3)")
    (add_net "Net-(J2-Pad6)")
    (add_net "Net-(J2-Pad7)")
    (add_net "Net-(J2-Pad8)")
    (add_net "Net-(J2-Pad9)")
    (add_net "Net-(MET_SEL1-Pad1)")
    (add_net "Net-(R1-Pad2)")
    (add_net "Net-(RST1-Pad1)")
    (add_net "Net-(U3-Pad5)")
    (add_net "Net-(U4-Pad3)")
    (add_net U_D+)
    (add_net U_D-)
    (add_net ~RST)
  )

  (module SI8661AB-B-IS1:SOIC127P600X175-16N (layer F.Cu) (tedit 5D5D7E12) (tstamp 5D00E595)
    (at 148 111 270)
    (path /5CE781D0)
    (attr smd)
    (fp_text reference U2 (at -5.2 -3.2 270) (layer F.SilkS)
      (effects (font (size 0.8 0.8) (thickness 0.15)))
    )
    (fp_text value SI8661AB-B-IS1 (at 5.5 0) (layer F.SilkS) hide
      (effects (font (size 0.8 0.8) (thickness 0.15)))
    )
    (fp_circle (center -4.43 -5.035) (end -4.23 -5.035) (layer F.SilkS) (width 0))
    (fp_circle (center -4.43 -5.035) (end -4.23 -5.035) (layer Dwgs.User) (width 0))
    (fp_line (start -1.95 -4.95) (end 1.95 -4.95) (layer Dwgs.User) (width 0.127))
    (fp_line (start -1.95 4.95) (end 1.95 4.95) (layer Dwgs.User) (width 0.127))
    (fp_line (start -1.95 -4.95) (end 1.95 -4.95) (layer F.SilkS) (width 0.127))
    (fp_line (start -1.95 4.95) (end 1.95 4.95) (layer F.SilkS) (width 0.127))
    (fp_line (start -1.95 -4.95) (end -1.95 4.95) (layer Dwgs.User) (width 0.127))
    (fp_line (start 1.95 -4.95) (end 1.95 4.95) (layer Dwgs.User) (width 0.127))
    (fp_line (start -3.705 -5.2) (end 3.705 -5.2) (layer Dwgs.User) (width 0.05))
    (fp_line (start -3.705 5.2) (end 3.705 5.2) (layer Dwgs.User) (width 0.05))
    (fp_line (start -3.705 -5.2) (end -3.705 5.2) (layer Dwgs.User) (width 0.05))
    (fp_line (start 3.705 -5.2) (end 3.705 5.2) (layer Dwgs.User) (width 0.05))
    (fp_circle (center -4.572 -5.08) (end -4.572 -4.572) (layer F.SilkS) (width 0.15))
    (pad 1 smd rect (at -2.48 -4.445 270) (size 1.95 0.59) (layers F.Cu F.Paste F.Mask)
      (net 32 3V3_C))
    (pad 2 smd rect (at -2.48 -3.175 270) (size 1.95 0.59) (layers F.Cu F.Paste F.Mask)
      (net 24 CLK_O))
    (pad 3 smd rect (at -2.48 -1.905 270) (size 1.95 0.59) (layers F.Cu F.Paste F.Mask)
      (net 23 MOSI_O))
    (pad 4 smd rect (at -2.48 -0.635 270) (size 1.95 0.59) (layers F.Cu F.Paste F.Mask)
      (net 57 CSMUX_0))
    (pad 5 smd rect (at -2.48 0.635 270) (size 1.95 0.59) (layers F.Cu F.Paste F.Mask)
      (net 58 CSMUX_1))
    (pad 6 smd rect (at -2.48 1.905 270) (size 1.95 0.59) (layers F.Cu F.Paste F.Mask)
      (net 59 CS_SPARE))
    (pad 7 smd rect (at -2.48 3.175 270) (size 1.95 0.59) (layers F.Cu F.Paste F.Mask)
      (net 49 MISO_O_ISO))
    (pad 8 smd rect (at -2.48 4.445 270) (size 1.95 0.59) (layers F.Cu F.Paste F.Mask)
      (net 33 GND_C))
    (pad 9 smd rect (at 2.48 4.445 270) (size 1.95 0.59) (layers F.Cu F.Paste F.Mask)
      (net 34 GND_I))
    (pad 10 smd rect (at 2.48 3.175 270) (size 1.95 0.59) (layers F.Cu F.Paste F.Mask)
      (net 26 MISO_E))
    (pad 11 smd rect (at 2.48 1.905 270) (size 1.95 0.59) (layers F.Cu F.Paste F.Mask)
      (net 27 CS2_E))
    (pad 12 smd rect (at 2.48 0.635 270) (size 1.95 0.59) (layers F.Cu F.Paste F.Mask)
      (net 28 CS1_E))
    (pad 13 smd rect (at 2.48 -0.635 270) (size 1.95 0.59) (layers F.Cu F.Paste F.Mask)
      (net 29 CS0_E))
    (pad 14 smd rect (at 2.48 -1.905 270) (size 1.95 0.59) (layers F.Cu F.Paste F.Mask)
      (net 30 MOSI_E))
    (pad 15 smd rect (at 2.48 -3.175 270) (size 1.95 0.59) (layers F.Cu F.Paste F.Mask)
      (net 31 CLK_E))
    (pad 16 smd rect (at 2.48 -4.445 270) (size 1.95 0.59) (layers F.Cu F.Paste F.Mask)
      (net 35 3V3_I))
    (model ${KISYS3DMOD}/Package_SO.3dshapes/SOIC-16_3.9x9.9mm_P1.27mm.step
      (at (xyz 0 0 0))
      (scale (xyz 1 1 1))
      (rotate (xyz 0 0 0))
    )
  )

  (module Capacitor_SMD:C_0603_1608Metric (layer F.Cu) (tedit 5B301BBE) (tstamp 5D6AA40A)
    (at 141.2 97.4)
    (descr "Capacitor SMD 0603 (1608 Metric), square (rectangular) end terminal, IPC_7351 nominal, (Body size source: http://www.tortai-tech.com/upload/download/2011102023233369053.pdf), generated with kicad-footprint-generator")
    (tags capacitor)
    (path /5D5DAF0D)
    (attr smd)
    (fp_text reference C3 (at 0 -1.43) (layer F.SilkS)
      (effects (font (size 0.8 0.8) (thickness 0.15)))
    )
    (fp_text value 100nF (at 0 1.43) (layer F.Fab)
      (effects (font (size 0.8 0.8) (thickness 0.15)))
    )
    (fp_line (start -0.8 0.4) (end -0.8 -0.4) (layer F.Fab) (width 0.1))
    (fp_line (start -0.8 -0.4) (end 0.8 -0.4) (layer F.Fab) (width 0.1))
    (fp_line (start 0.8 -0.4) (end 0.8 0.4) (layer F.Fab) (width 0.1))
    (fp_line (start 0.8 0.4) (end -0.8 0.4) (layer F.Fab) (width 0.1))
    (fp_line (start -0.162779 -0.51) (end 0.162779 -0.51) (layer F.SilkS) (width 0.12))
    (fp_line (start -0.162779 0.51) (end 0.162779 0.51) (layer F.SilkS) (width 0.12))
    (fp_line (start -1.48 0.73) (end -1.48 -0.73) (layer F.CrtYd) (width 0.05))
    (fp_line (start -1.48 -0.73) (end 1.48 -0.73) (layer F.CrtYd) (width 0.05))
    (fp_line (start 1.48 -0.73) (end 1.48 0.73) (layer F.CrtYd) (width 0.05))
    (fp_line (start 1.48 0.73) (end -1.48 0.73) (layer F.CrtYd) (width 0.05))
    (fp_text user %R (at 0 0) (layer F.Fab)
      (effects (font (size 0.4 0.4) (thickness 0.06)))
    )
    (pad 1 smd roundrect (at -0.7875 0) (size 0.875 0.95) (layers F.Cu F.Paste F.Mask)(roundrect_rratio 0.25)
      (net 32 3V3_C))
    (pad 2 smd roundrect (at 0.7875 0) (size 0.875 0.95) (layers F.Cu F.Paste F.Mask)(roundrect_rratio 0.25)
      (net 33 GND_C))
    (model ${KISYS3DMOD}/Capacitor_SMD.3dshapes/C_0603_1608Metric.wrl
      (at (xyz 0 0 0))
      (scale (xyz 1 1 1))
      (rotate (xyz 0 0 0))
    )
  )

  (module Connector_PinHeader_2.54mm:PinHeader_2x02_P2.54mm_Vertical (layer F.Cu) (tedit 59FED5CC) (tstamp 5D6AA381)
    (at 139.8 110 270)
    (descr "Through hole straight pin header, 2x02, 2.54mm pitch, double rows")
    (tags "Through hole pin header THT 2x02 2.54mm double row")
    (path /5D5DFAB5)
    (fp_text reference J4 (at 1.27 -2.33 270) (layer F.SilkS)
      (effects (font (size 0.8 0.8) (thickness 0.15)))
    )
    (fp_text value Test_Power_Bridge (at 1.27 4.87 270) (layer F.Fab)
      (effects (font (size 0.8 0.8) (thickness 0.15)))
    )
    (fp_line (start 0 -1.27) (end 3.81 -1.27) (layer F.Fab) (width 0.1))
    (fp_line (start 3.81 -1.27) (end 3.81 3.81) (layer F.Fab) (width 0.1))
    (fp_line (start 3.81 3.81) (end -1.27 3.81) (layer F.Fab) (width 0.1))
    (fp_line (start -1.27 3.81) (end -1.27 0) (layer F.Fab) (width 0.1))
    (fp_line (start -1.27 0) (end 0 -1.27) (layer F.Fab) (width 0.1))
    (fp_line (start -1.33 3.87) (end 3.87 3.87) (layer F.SilkS) (width 0.12))
    (fp_line (start -1.33 1.27) (end -1.33 3.87) (layer F.SilkS) (width 0.12))
    (fp_line (start 3.87 -1.33) (end 3.87 3.87) (layer F.SilkS) (width 0.12))
    (fp_line (start -1.33 1.27) (end 1.27 1.27) (layer F.SilkS) (width 0.12))
    (fp_line (start 1.27 1.27) (end 1.27 -1.33) (layer F.SilkS) (width 0.12))
    (fp_line (start 1.27 -1.33) (end 3.87 -1.33) (layer F.SilkS) (width 0.12))
    (fp_line (start -1.33 0) (end -1.33 -1.33) (layer F.SilkS) (width 0.12))
    (fp_line (start -1.33 -1.33) (end 0 -1.33) (layer F.SilkS) (width 0.12))
    (fp_line (start -1.8 -1.8) (end -1.8 4.35) (layer F.CrtYd) (width 0.05))
    (fp_line (start -1.8 4.35) (end 4.35 4.35) (layer F.CrtYd) (width 0.05))
    (fp_line (start 4.35 4.35) (end 4.35 -1.8) (layer F.CrtYd) (width 0.05))
    (fp_line (start 4.35 -1.8) (end -1.8 -1.8) (layer F.CrtYd) (width 0.05))
    (fp_text user %R (at 1.27 1.27) (layer F.Fab)
      (effects (font (size 1 1) (thickness 0.15)))
    )
    (pad 1 thru_hole rect (at 0 0 270) (size 1.7 1.7) (drill 1) (layers *.Cu *.Mask)
      (net 33 GND_C))
    (pad 2 thru_hole oval (at 2.54 0 270) (size 1.7 1.7) (drill 1) (layers *.Cu *.Mask)
      (net 34 GND_I))
    (pad 3 thru_hole oval (at 0 2.54 270) (size 1.7 1.7) (drill 1) (layers *.Cu *.Mask)
      (net 32 3V3_C))
    (pad 4 thru_hole oval (at 2.54 2.54 270) (size 1.7 1.7) (drill 1) (layers *.Cu *.Mask)
      (net 35 3V3_I))
    (model ${KISYS3DMOD}/Connector_PinHeader_2.54mm.3dshapes/PinHeader_2x02_P2.54mm_Vertical.wrl
      (at (xyz 0 0 0))
      (scale (xyz 1 1 1))
      (rotate (xyz 0 0 0))
    )
  )

  (module TestPoint:TestPoint_THTPad_D1.0mm_Drill0.5mm (layer F.Cu) (tedit 5A0F774F) (tstamp 5D6751F2)
    (at 155 103 270)
    (descr "THT pad as test Point, diameter 1.0mm, hole diameter 0.5mm")
    (tags "test point THT pad")
    (path /5D5B0E57)
    (attr virtual)
    (fp_text reference MET_SEL1 (at 0 -1.448 270) (layer B.SilkS)
      (effects (font (size 0.8 0.8) (thickness 0.15)) (justify mirror))
    )
    (fp_text value MET_S (at 0 1.55 270) (layer F.Fab)
      (effects (font (size 0.8 0.8) (thickness 0.15)))
    )
    (fp_text user %R (at 0 -1.45 270) (layer F.Fab)
      (effects (font (size 1 1) (thickness 0.15)))
    )
    (fp_circle (center 0 0) (end 1 0) (layer F.CrtYd) (width 0.05))
    (fp_circle (center 0 0) (end 0 0.7) (layer F.SilkS) (width 0.12))
    (pad 1 thru_hole circle (at 0 0 270) (size 1 1) (drill 0.5) (layers *.Cu *.Mask)
      (net 60 "Net-(MET_SEL1-Pad1)"))
  )

  (module Package_TO_SOT_SMD:SOT-23-6 (layer F.Cu) (tedit 5A02FF57) (tstamp 5D6734E9)
    (at 150.5 101.6 180)
    (descr "6-pin SOT-23 package")
    (tags SOT-23-6)
    (path /5D5A3EC1)
    (attr smd)
    (fp_text reference U5 (at 0 -2.9 180) (layer F.SilkS)
      (effects (font (size 0.8 0.8) (thickness 0.15)))
    )
    (fp_text value NL7SZ19 (at 0 2.9 180) (layer F.Fab)
      (effects (font (size 0.8 0.8) (thickness 0.15)))
    )
    (fp_text user %R (at 0 0 270) (layer F.Fab)
      (effects (font (size 0.5 0.5) (thickness 0.075)))
    )
    (fp_line (start -0.9 1.61) (end 0.9 1.61) (layer F.SilkS) (width 0.12))
    (fp_line (start 0.9 -1.61) (end -1.55 -1.61) (layer F.SilkS) (width 0.12))
    (fp_line (start 1.9 -1.8) (end -1.9 -1.8) (layer F.CrtYd) (width 0.05))
    (fp_line (start 1.9 1.8) (end 1.9 -1.8) (layer F.CrtYd) (width 0.05))
    (fp_line (start -1.9 1.8) (end 1.9 1.8) (layer F.CrtYd) (width 0.05))
    (fp_line (start -1.9 -1.8) (end -1.9 1.8) (layer F.CrtYd) (width 0.05))
    (fp_line (start -0.9 -0.9) (end -0.25 -1.55) (layer F.Fab) (width 0.1))
    (fp_line (start 0.9 -1.55) (end -0.25 -1.55) (layer F.Fab) (width 0.1))
    (fp_line (start -0.9 -0.9) (end -0.9 1.55) (layer F.Fab) (width 0.1))
    (fp_line (start 0.9 1.55) (end -0.9 1.55) (layer F.Fab) (width 0.1))
    (fp_line (start 0.9 -1.55) (end 0.9 1.55) (layer F.Fab) (width 0.1))
    (pad 1 smd rect (at -1.1 -0.95 180) (size 1.06 0.65) (layers F.Cu F.Paste F.Mask)
      (net 25 CS0_O))
    (pad 2 smd rect (at -1.1 0 180) (size 1.06 0.65) (layers F.Cu F.Paste F.Mask)
      (net 33 GND_C))
    (pad 3 smd rect (at -1.1 0.95 180) (size 1.06 0.65) (layers F.Cu F.Paste F.Mask)
      (net 60 "Net-(MET_SEL1-Pad1)"))
    (pad 4 smd rect (at 1.1 0.95 180) (size 1.06 0.65) (layers F.Cu F.Paste F.Mask)
      (net 58 CSMUX_1))
    (pad 6 smd rect (at 1.1 -0.95 180) (size 1.06 0.65) (layers F.Cu F.Paste F.Mask)
      (net 57 CSMUX_0))
    (pad 5 smd rect (at 1.1 0 180) (size 1.06 0.65) (layers F.Cu F.Paste F.Mask)
      (net 32 3V3_C))
    (model ${KISYS3DMOD}/Package_TO_SOT_SMD.3dshapes/SOT-23-6.wrl
      (at (xyz 0 0 0))
      (scale (xyz 1 1 1))
      (rotate (xyz 0 0 0))
    )
  )

  (module Resistor_SMD:R_0603_1608Metric (layer F.Cu) (tedit 5B301BBD) (tstamp 5D89F611)
    (at 150.2 93.6 270)
    (descr "Resistor SMD 0603 (1608 Metric), square (rectangular) end terminal, IPC_7351 nominal, (Body size source: http://www.tortai-tech.com/upload/download/2011102023233369053.pdf), generated with kicad-footprint-generator")
    (tags resistor)
    (path /5D5C1991)
    (attr smd)
    (fp_text reference R5 (at 0 -1.43 270) (layer F.SilkS)
      (effects (font (size 0.8 0.8) (thickness 0.15)))
    )
    (fp_text value 330R (at 0 1.43 270) (layer F.Fab)
      (effects (font (size 0.8 0.8) (thickness 0.15)))
    )
    (fp_text user %R (at 0 0 270) (layer F.Fab)
      (effects (font (size 0.4 0.4) (thickness 0.06)))
    )
    (fp_line (start 1.48 0.73) (end -1.48 0.73) (layer F.CrtYd) (width 0.05))
    (fp_line (start 1.48 -0.73) (end 1.48 0.73) (layer F.CrtYd) (width 0.05))
    (fp_line (start -1.48 -0.73) (end 1.48 -0.73) (layer F.CrtYd) (width 0.05))
    (fp_line (start -1.48 0.73) (end -1.48 -0.73) (layer F.CrtYd) (width 0.05))
    (fp_line (start -0.162779 0.51) (end 0.162779 0.51) (layer F.SilkS) (width 0.12))
    (fp_line (start -0.162779 -0.51) (end 0.162779 -0.51) (layer F.SilkS) (width 0.12))
    (fp_line (start 0.8 0.4) (end -0.8 0.4) (layer F.Fab) (width 0.1))
    (fp_line (start 0.8 -0.4) (end 0.8 0.4) (layer F.Fab) (width 0.1))
    (fp_line (start -0.8 -0.4) (end 0.8 -0.4) (layer F.Fab) (width 0.1))
    (fp_line (start -0.8 0.4) (end -0.8 -0.4) (layer F.Fab) (width 0.1))
    (pad 2 smd roundrect (at 0.7875 0 270) (size 0.875 0.95) (layers F.Cu F.Paste F.Mask)(roundrect_rratio 0.25)
      (net 33 GND_C))
    (pad 1 smd roundrect (at -0.7875 0 270) (size 0.875 0.95) (layers F.Cu F.Paste F.Mask)(roundrect_rratio 0.25)
      (net 53 "Net-(D4-Pad1)"))
    (model ${KISYS3DMOD}/Resistor_SMD.3dshapes/R_0603_1608Metric.wrl
      (at (xyz 0 0 0))
      (scale (xyz 1 1 1))
      (rotate (xyz 0 0 0))
    )
  )

  (module Resistor_SMD:R_0603_1608Metric (layer F.Cu) (tedit 5B301BBD) (tstamp 5D89F600)
    (at 143.8 93.6 270)
    (descr "Resistor SMD 0603 (1608 Metric), square (rectangular) end terminal, IPC_7351 nominal, (Body size source: http://www.tortai-tech.com/upload/download/2011102023233369053.pdf), generated with kicad-footprint-generator")
    (tags resistor)
    (path /5D5C16C9)
    (attr smd)
    (fp_text reference R3 (at 0 -1.43 270) (layer F.SilkS)
      (effects (font (size 0.8 0.8) (thickness 0.15)))
    )
    (fp_text value 330R (at 0 1.43 270) (layer F.Fab)
      (effects (font (size 0.8 0.8) (thickness 0.15)))
    )
    (fp_line (start -0.8 0.4) (end -0.8 -0.4) (layer F.Fab) (width 0.1))
    (fp_line (start -0.8 -0.4) (end 0.8 -0.4) (layer F.Fab) (width 0.1))
    (fp_line (start 0.8 -0.4) (end 0.8 0.4) (layer F.Fab) (width 0.1))
    (fp_line (start 0.8 0.4) (end -0.8 0.4) (layer F.Fab) (width 0.1))
    (fp_line (start -0.162779 -0.51) (end 0.162779 -0.51) (layer F.SilkS) (width 0.12))
    (fp_line (start -0.162779 0.51) (end 0.162779 0.51) (layer F.SilkS) (width 0.12))
    (fp_line (start -1.48 0.73) (end -1.48 -0.73) (layer F.CrtYd) (width 0.05))
    (fp_line (start -1.48 -0.73) (end 1.48 -0.73) (layer F.CrtYd) (width 0.05))
    (fp_line (start 1.48 -0.73) (end 1.48 0.73) (layer F.CrtYd) (width 0.05))
    (fp_line (start 1.48 0.73) (end -1.48 0.73) (layer F.CrtYd) (width 0.05))
    (fp_text user %R (at 0 0 270) (layer F.Fab)
      (effects (font (size 0.4 0.4) (thickness 0.06)))
    )
    (pad 1 smd roundrect (at -0.7875 0 270) (size 0.875 0.95) (layers F.Cu F.Paste F.Mask)(roundrect_rratio 0.25)
      (net 55 "Net-(D2-Pad1)"))
    (pad 2 smd roundrect (at 0.7875 0 270) (size 0.875 0.95) (layers F.Cu F.Paste F.Mask)(roundrect_rratio 0.25)
      (net 33 GND_C))
    (model ${KISYS3DMOD}/Resistor_SMD.3dshapes/R_0603_1608Metric.wrl
      (at (xyz 0 0 0))
      (scale (xyz 1 1 1))
      (rotate (xyz 0 0 0))
    )
  )

  (module Resistor_SMD:R_0603_1608Metric (layer F.Cu) (tedit 5B301BBD) (tstamp 5D89F5EF)
    (at 153.4 93.6 270)
    (descr "Resistor SMD 0603 (1608 Metric), square (rectangular) end terminal, IPC_7351 nominal, (Body size source: http://www.tortai-tech.com/upload/download/2011102023233369053.pdf), generated with kicad-footprint-generator")
    (tags resistor)
    (path /5D5C1488)
    (attr smd)
    (fp_text reference R2 (at 0 -1.43 270) (layer F.SilkS)
      (effects (font (size 0.8 0.8) (thickness 0.15)))
    )
    (fp_text value 330R (at 0 1.43 270) (layer F.Fab)
      (effects (font (size 0.8 0.8) (thickness 0.15)))
    )
    (fp_text user %R (at 0 0 270) (layer F.Fab)
      (effects (font (size 0.4 0.4) (thickness 0.06)))
    )
    (fp_line (start 1.48 0.73) (end -1.48 0.73) (layer F.CrtYd) (width 0.05))
    (fp_line (start 1.48 -0.73) (end 1.48 0.73) (layer F.CrtYd) (width 0.05))
    (fp_line (start -1.48 -0.73) (end 1.48 -0.73) (layer F.CrtYd) (width 0.05))
    (fp_line (start -1.48 0.73) (end -1.48 -0.73) (layer F.CrtYd) (width 0.05))
    (fp_line (start -0.162779 0.51) (end 0.162779 0.51) (layer F.SilkS) (width 0.12))
    (fp_line (start -0.162779 -0.51) (end 0.162779 -0.51) (layer F.SilkS) (width 0.12))
    (fp_line (start 0.8 0.4) (end -0.8 0.4) (layer F.Fab) (width 0.1))
    (fp_line (start 0.8 -0.4) (end 0.8 0.4) (layer F.Fab) (width 0.1))
    (fp_line (start -0.8 -0.4) (end 0.8 -0.4) (layer F.Fab) (width 0.1))
    (fp_line (start -0.8 0.4) (end -0.8 -0.4) (layer F.Fab) (width 0.1))
    (pad 2 smd roundrect (at 0.7875 0 270) (size 0.875 0.95) (layers F.Cu F.Paste F.Mask)(roundrect_rratio 0.25)
      (net 33 GND_C))
    (pad 1 smd roundrect (at -0.7875 0 270) (size 0.875 0.95) (layers F.Cu F.Paste F.Mask)(roundrect_rratio 0.25)
      (net 56 "Net-(D1-Pad1)"))
    (model ${KISYS3DMOD}/Resistor_SMD.3dshapes/R_0603_1608Metric.wrl
      (at (xyz 0 0 0))
      (scale (xyz 1 1 1))
      (rotate (xyz 0 0 0))
    )
  )

  (module Resistor_SMD:R_0603_1608Metric (layer F.Cu) (tedit 5B301BBD) (tstamp 5D89F5BE)
    (at 140.6 93.6 270)
    (descr "Resistor SMD 0603 (1608 Metric), square (rectangular) end terminal, IPC_7351 nominal, (Body size source: http://www.tortai-tech.com/upload/download/2011102023233369053.pdf), generated with kicad-footprint-generator")
    (tags resistor)
    (path /5D5C1D4E)
    (attr smd)
    (fp_text reference R7 (at 0 -1.43 270) (layer F.SilkS)
      (effects (font (size 0.8 0.8) (thickness 0.15)))
    )
    (fp_text value 330R (at 0 1.43 270) (layer F.Fab)
      (effects (font (size 0.8 0.8) (thickness 0.15)))
    )
    (fp_line (start -0.8 0.4) (end -0.8 -0.4) (layer F.Fab) (width 0.1))
    (fp_line (start -0.8 -0.4) (end 0.8 -0.4) (layer F.Fab) (width 0.1))
    (fp_line (start 0.8 -0.4) (end 0.8 0.4) (layer F.Fab) (width 0.1))
    (fp_line (start 0.8 0.4) (end -0.8 0.4) (layer F.Fab) (width 0.1))
    (fp_line (start -0.162779 -0.51) (end 0.162779 -0.51) (layer F.SilkS) (width 0.12))
    (fp_line (start -0.162779 0.51) (end 0.162779 0.51) (layer F.SilkS) (width 0.12))
    (fp_line (start -1.48 0.73) (end -1.48 -0.73) (layer F.CrtYd) (width 0.05))
    (fp_line (start -1.48 -0.73) (end 1.48 -0.73) (layer F.CrtYd) (width 0.05))
    (fp_line (start 1.48 -0.73) (end 1.48 0.73) (layer F.CrtYd) (width 0.05))
    (fp_line (start 1.48 0.73) (end -1.48 0.73) (layer F.CrtYd) (width 0.05))
    (fp_text user %R (at 0 0 270) (layer F.Fab)
      (effects (font (size 0.4 0.4) (thickness 0.06)))
    )
    (pad 1 smd roundrect (at -0.7875 0 270) (size 0.875 0.95) (layers F.Cu F.Paste F.Mask)(roundrect_rratio 0.25)
      (net 51 "Net-(D6-Pad1)"))
    (pad 2 smd roundrect (at 0.7875 0 270) (size 0.875 0.95) (layers F.Cu F.Paste F.Mask)(roundrect_rratio 0.25)
      (net 33 GND_C))
    (model ${KISYS3DMOD}/Resistor_SMD.3dshapes/R_0603_1608Metric.wrl
      (at (xyz 0 0 0))
      (scale (xyz 1 1 1))
      (rotate (xyz 0 0 0))
    )
  )

  (module Resistor_SMD:R_0603_1608Metric (layer F.Cu) (tedit 5B301BBD) (tstamp 5D89F5AD)
    (at 147 93.6 270)
    (descr "Resistor SMD 0603 (1608 Metric), square (rectangular) end terminal, IPC_7351 nominal, (Body size source: http://www.tortai-tech.com/upload/download/2011102023233369053.pdf), generated with kicad-footprint-generator")
    (tags resistor)
    (path /5D5C18F9)
    (attr smd)
    (fp_text reference R4 (at 0 -1.43 270) (layer F.SilkS)
      (effects (font (size 0.8 0.8) (thickness 0.15)))
    )
    (fp_text value 330R (at 0 1.43 270) (layer F.Fab)
      (effects (font (size 0.8 0.8) (thickness 0.15)))
    )
    (fp_text user %R (at 0 0 270) (layer F.Fab)
      (effects (font (size 0.4 0.4) (thickness 0.06)))
    )
    (fp_line (start 1.48 0.73) (end -1.48 0.73) (layer F.CrtYd) (width 0.05))
    (fp_line (start 1.48 -0.73) (end 1.48 0.73) (layer F.CrtYd) (width 0.05))
    (fp_line (start -1.48 -0.73) (end 1.48 -0.73) (layer F.CrtYd) (width 0.05))
    (fp_line (start -1.48 0.73) (end -1.48 -0.73) (layer F.CrtYd) (width 0.05))
    (fp_line (start -0.162779 0.51) (end 0.162779 0.51) (layer F.SilkS) (width 0.12))
    (fp_line (start -0.162779 -0.51) (end 0.162779 -0.51) (layer F.SilkS) (width 0.12))
    (fp_line (start 0.8 0.4) (end -0.8 0.4) (layer F.Fab) (width 0.1))
    (fp_line (start 0.8 -0.4) (end 0.8 0.4) (layer F.Fab) (width 0.1))
    (fp_line (start -0.8 -0.4) (end 0.8 -0.4) (layer F.Fab) (width 0.1))
    (fp_line (start -0.8 0.4) (end -0.8 -0.4) (layer F.Fab) (width 0.1))
    (pad 2 smd roundrect (at 0.7875 0 270) (size 0.875 0.95) (layers F.Cu F.Paste F.Mask)(roundrect_rratio 0.25)
      (net 33 GND_C))
    (pad 1 smd roundrect (at -0.7875 0 270) (size 0.875 0.95) (layers F.Cu F.Paste F.Mask)(roundrect_rratio 0.25)
      (net 54 "Net-(D3-Pad1)"))
    (model ${KISYS3DMOD}/Resistor_SMD.3dshapes/R_0603_1608Metric.wrl
      (at (xyz 0 0 0))
      (scale (xyz 1 1 1))
      (rotate (xyz 0 0 0))
    )
  )

  (module Resistor_SMD:R_0603_1608Metric (layer F.Cu) (tedit 5B301BBD) (tstamp 5D89F59C)
    (at 137.4 93.6 270)
    (descr "Resistor SMD 0603 (1608 Metric), square (rectangular) end terminal, IPC_7351 nominal, (Body size source: http://www.tortai-tech.com/upload/download/2011102023233369053.pdf), generated with kicad-footprint-generator")
    (tags resistor)
    (path /5D5C1B51)
    (attr smd)
    (fp_text reference R6 (at 0 -1.43 270) (layer F.SilkS)
      (effects (font (size 0.8 0.8) (thickness 0.15)))
    )
    (fp_text value 330R (at 0 1.43 270) (layer F.Fab)
      (effects (font (size 0.8 0.8) (thickness 0.15)))
    )
    (fp_line (start -0.8 0.4) (end -0.8 -0.4) (layer F.Fab) (width 0.1))
    (fp_line (start -0.8 -0.4) (end 0.8 -0.4) (layer F.Fab) (width 0.1))
    (fp_line (start 0.8 -0.4) (end 0.8 0.4) (layer F.Fab) (width 0.1))
    (fp_line (start 0.8 0.4) (end -0.8 0.4) (layer F.Fab) (width 0.1))
    (fp_line (start -0.162779 -0.51) (end 0.162779 -0.51) (layer F.SilkS) (width 0.12))
    (fp_line (start -0.162779 0.51) (end 0.162779 0.51) (layer F.SilkS) (width 0.12))
    (fp_line (start -1.48 0.73) (end -1.48 -0.73) (layer F.CrtYd) (width 0.05))
    (fp_line (start -1.48 -0.73) (end 1.48 -0.73) (layer F.CrtYd) (width 0.05))
    (fp_line (start 1.48 -0.73) (end 1.48 0.73) (layer F.CrtYd) (width 0.05))
    (fp_line (start 1.48 0.73) (end -1.48 0.73) (layer F.CrtYd) (width 0.05))
    (fp_text user %R (at 0 0 270) (layer F.Fab)
      (effects (font (size 0.4 0.4) (thickness 0.06)))
    )
    (pad 1 smd roundrect (at -0.7875 0 270) (size 0.875 0.95) (layers F.Cu F.Paste F.Mask)(roundrect_rratio 0.25)
      (net 52 "Net-(D5-Pad1)"))
    (pad 2 smd roundrect (at 0.7875 0 270) (size 0.875 0.95) (layers F.Cu F.Paste F.Mask)(roundrect_rratio 0.25)
      (net 33 GND_C))
    (model ${KISYS3DMOD}/Resistor_SMD.3dshapes/R_0603_1608Metric.wrl
      (at (xyz 0 0 0))
      (scale (xyz 1 1 1))
      (rotate (xyz 0 0 0))
    )
  )

  (module LED_SMD:LED_0603_1608Metric (layer F.Cu) (tedit 5B301BBE) (tstamp 5D711EB0)
    (at 150.2 90.2 90)
    (descr "LED SMD 0603 (1608 Metric), square (rectangular) end terminal, IPC_7351 nominal, (Body size source: http://www.tortai-tech.com/upload/download/2011102023233369053.pdf), generated with kicad-footprint-generator")
    (tags diode)
    (path /5D59743A)
    (attr smd)
    (fp_text reference D4 (at 0 -1.43 90) (layer F.SilkS)
      (effects (font (size 0.8 0.8) (thickness 0.15)))
    )
    (fp_text value LED (at 0 1.43 90) (layer F.Fab)
      (effects (font (size 0.8 0.8) (thickness 0.15)))
    )
    (fp_text user %R (at 0 0 90) (layer F.Fab)
      (effects (font (size 0.4 0.4) (thickness 0.06)))
    )
    (fp_line (start 1.48 0.73) (end -1.48 0.73) (layer F.CrtYd) (width 0.05))
    (fp_line (start 1.48 -0.73) (end 1.48 0.73) (layer F.CrtYd) (width 0.05))
    (fp_line (start -1.48 -0.73) (end 1.48 -0.73) (layer F.CrtYd) (width 0.05))
    (fp_line (start -1.48 0.73) (end -1.48 -0.73) (layer F.CrtYd) (width 0.05))
    (fp_line (start -1.485 0.735) (end 0.8 0.735) (layer F.SilkS) (width 0.12))
    (fp_line (start -1.485 -0.735) (end -1.485 0.735) (layer F.SilkS) (width 0.12))
    (fp_line (start 0.8 -0.735) (end -1.485 -0.735) (layer F.SilkS) (width 0.12))
    (fp_line (start 0.8 0.4) (end 0.8 -0.4) (layer F.Fab) (width 0.1))
    (fp_line (start -0.8 0.4) (end 0.8 0.4) (layer F.Fab) (width 0.1))
    (fp_line (start -0.8 -0.1) (end -0.8 0.4) (layer F.Fab) (width 0.1))
    (fp_line (start -0.5 -0.4) (end -0.8 -0.1) (layer F.Fab) (width 0.1))
    (fp_line (start 0.8 -0.4) (end -0.5 -0.4) (layer F.Fab) (width 0.1))
    (pad 2 smd roundrect (at 0.7875 0 90) (size 0.875 0.95) (layers F.Cu F.Paste F.Mask)(roundrect_rratio 0.25)
      (net 46 /GP15))
    (pad 1 smd roundrect (at -0.7875 0 90) (size 0.875 0.95) (layers F.Cu F.Paste F.Mask)(roundrect_rratio 0.25)
      (net 53 "Net-(D4-Pad1)"))
    (model ${KISYS3DMOD}/LED_SMD.3dshapes/LED_0603_1608Metric.wrl
      (at (xyz 0 0 0))
      (scale (xyz 1 1 1))
      (rotate (xyz 0 0 0))
    )
  )

  (module LED_SMD:LED_0603_1608Metric (layer F.Cu) (tedit 5B301BBE) (tstamp 5D711E9D)
    (at 147 90.2 90)
    (descr "LED SMD 0603 (1608 Metric), square (rectangular) end terminal, IPC_7351 nominal, (Body size source: http://www.tortai-tech.com/upload/download/2011102023233369053.pdf), generated with kicad-footprint-generator")
    (tags diode)
    (path /5D597433)
    (attr smd)
    (fp_text reference D3 (at 0 -1.43 90) (layer F.SilkS)
      (effects (font (size 0.8 0.8) (thickness 0.15)))
    )
    (fp_text value LED (at 0 1.43 90) (layer F.Fab)
      (effects (font (size 0.8 0.8) (thickness 0.15)))
    )
    (fp_line (start 0.8 -0.4) (end -0.5 -0.4) (layer F.Fab) (width 0.1))
    (fp_line (start -0.5 -0.4) (end -0.8 -0.1) (layer F.Fab) (width 0.1))
    (fp_line (start -0.8 -0.1) (end -0.8 0.4) (layer F.Fab) (width 0.1))
    (fp_line (start -0.8 0.4) (end 0.8 0.4) (layer F.Fab) (width 0.1))
    (fp_line (start 0.8 0.4) (end 0.8 -0.4) (layer F.Fab) (width 0.1))
    (fp_line (start 0.8 -0.735) (end -1.485 -0.735) (layer F.SilkS) (width 0.12))
    (fp_line (start -1.485 -0.735) (end -1.485 0.735) (layer F.SilkS) (width 0.12))
    (fp_line (start -1.485 0.735) (end 0.8 0.735) (layer F.SilkS) (width 0.12))
    (fp_line (start -1.48 0.73) (end -1.48 -0.73) (layer F.CrtYd) (width 0.05))
    (fp_line (start -1.48 -0.73) (end 1.48 -0.73) (layer F.CrtYd) (width 0.05))
    (fp_line (start 1.48 -0.73) (end 1.48 0.73) (layer F.CrtYd) (width 0.05))
    (fp_line (start 1.48 0.73) (end -1.48 0.73) (layer F.CrtYd) (width 0.05))
    (fp_text user %R (at 0 0 90) (layer F.Fab)
      (effects (font (size 0.4 0.4) (thickness 0.06)))
    )
    (pad 1 smd roundrect (at -0.7875 0 90) (size 0.875 0.95) (layers F.Cu F.Paste F.Mask)(roundrect_rratio 0.25)
      (net 54 "Net-(D3-Pad1)"))
    (pad 2 smd roundrect (at 0.7875 0 90) (size 0.875 0.95) (layers F.Cu F.Paste F.Mask)(roundrect_rratio 0.25)
      (net 45 /GP16))
    (model ${KISYS3DMOD}/LED_SMD.3dshapes/LED_0603_1608Metric.wrl
      (at (xyz 0 0 0))
      (scale (xyz 1 1 1))
      (rotate (xyz 0 0 0))
    )
  )

  (module LED_SMD:LED_0603_1608Metric (layer F.Cu) (tedit 5B301BBE) (tstamp 5D711E8A)
    (at 143.8 90.2 90)
    (descr "LED SMD 0603 (1608 Metric), square (rectangular) end terminal, IPC_7351 nominal, (Body size source: http://www.tortai-tech.com/upload/download/2011102023233369053.pdf), generated with kicad-footprint-generator")
    (tags diode)
    (path /5D59507F)
    (attr smd)
    (fp_text reference D2 (at 0 -1.43 90) (layer F.SilkS)
      (effects (font (size 0.8 0.8) (thickness 0.15)))
    )
    (fp_text value LED (at 0 1.43 90) (layer F.Fab)
      (effects (font (size 0.8 0.8) (thickness 0.15)))
    )
    (fp_text user %R (at 0 0 90) (layer F.Fab)
      (effects (font (size 0.4 0.4) (thickness 0.06)))
    )
    (fp_line (start 1.48 0.73) (end -1.48 0.73) (layer F.CrtYd) (width 0.05))
    (fp_line (start 1.48 -0.73) (end 1.48 0.73) (layer F.CrtYd) (width 0.05))
    (fp_line (start -1.48 -0.73) (end 1.48 -0.73) (layer F.CrtYd) (width 0.05))
    (fp_line (start -1.48 0.73) (end -1.48 -0.73) (layer F.CrtYd) (width 0.05))
    (fp_line (start -1.485 0.735) (end 0.8 0.735) (layer F.SilkS) (width 0.12))
    (fp_line (start -1.485 -0.735) (end -1.485 0.735) (layer F.SilkS) (width 0.12))
    (fp_line (start 0.8 -0.735) (end -1.485 -0.735) (layer F.SilkS) (width 0.12))
    (fp_line (start 0.8 0.4) (end 0.8 -0.4) (layer F.Fab) (width 0.1))
    (fp_line (start -0.8 0.4) (end 0.8 0.4) (layer F.Fab) (width 0.1))
    (fp_line (start -0.8 -0.1) (end -0.8 0.4) (layer F.Fab) (width 0.1))
    (fp_line (start -0.5 -0.4) (end -0.8 -0.1) (layer F.Fab) (width 0.1))
    (fp_line (start 0.8 -0.4) (end -0.5 -0.4) (layer F.Fab) (width 0.1))
    (pad 2 smd roundrect (at 0.7875 0 90) (size 0.875 0.95) (layers F.Cu F.Paste F.Mask)(roundrect_rratio 0.25)
      (net 44 /GP17))
    (pad 1 smd roundrect (at -0.7875 0 90) (size 0.875 0.95) (layers F.Cu F.Paste F.Mask)(roundrect_rratio 0.25)
      (net 55 "Net-(D2-Pad1)"))
    (model ${KISYS3DMOD}/LED_SMD.3dshapes/LED_0603_1608Metric.wrl
      (at (xyz 0 0 0))
      (scale (xyz 1 1 1))
      (rotate (xyz 0 0 0))
    )
  )

  (module LED_SMD:LED_0603_1608Metric (layer F.Cu) (tedit 5B301BBE) (tstamp 5D711E77)
    (at 153.4 90.2 90)
    (descr "LED SMD 0603 (1608 Metric), square (rectangular) end terminal, IPC_7351 nominal, (Body size source: http://www.tortai-tech.com/upload/download/2011102023233369053.pdf), generated with kicad-footprint-generator")
    (tags diode)
    (path /5D594F4E)
    (attr smd)
    (fp_text reference D1 (at 0 -1.43 90) (layer F.SilkS)
      (effects (font (size 0.8 0.8) (thickness 0.15)))
    )
    (fp_text value LED (at 0 1.43 90) (layer F.Fab)
      (effects (font (size 0.8 0.8) (thickness 0.15)))
    )
    (fp_line (start 0.8 -0.4) (end -0.5 -0.4) (layer F.Fab) (width 0.1))
    (fp_line (start -0.5 -0.4) (end -0.8 -0.1) (layer F.Fab) (width 0.1))
    (fp_line (start -0.8 -0.1) (end -0.8 0.4) (layer F.Fab) (width 0.1))
    (fp_line (start -0.8 0.4) (end 0.8 0.4) (layer F.Fab) (width 0.1))
    (fp_line (start 0.8 0.4) (end 0.8 -0.4) (layer F.Fab) (width 0.1))
    (fp_line (start 0.8 -0.735) (end -1.485 -0.735) (layer F.SilkS) (width 0.12))
    (fp_line (start -1.485 -0.735) (end -1.485 0.735) (layer F.SilkS) (width 0.12))
    (fp_line (start -1.485 0.735) (end 0.8 0.735) (layer F.SilkS) (width 0.12))
    (fp_line (start -1.48 0.73) (end -1.48 -0.73) (layer F.CrtYd) (width 0.05))
    (fp_line (start -1.48 -0.73) (end 1.48 -0.73) (layer F.CrtYd) (width 0.05))
    (fp_line (start 1.48 -0.73) (end 1.48 0.73) (layer F.CrtYd) (width 0.05))
    (fp_line (start 1.48 0.73) (end -1.48 0.73) (layer F.CrtYd) (width 0.05))
    (fp_text user %R (at 0 0 90) (layer F.Fab)
      (effects (font (size 0.4 0.4) (thickness 0.06)))
    )
    (pad 1 smd roundrect (at -0.7875 0 90) (size 0.875 0.95) (layers F.Cu F.Paste F.Mask)(roundrect_rratio 0.25)
      (net 56 "Net-(D1-Pad1)"))
    (pad 2 smd roundrect (at 0.7875 0 90) (size 0.875 0.95) (layers F.Cu F.Paste F.Mask)(roundrect_rratio 0.25)
      (net 47 /GP11))
    (model ${KISYS3DMOD}/LED_SMD.3dshapes/LED_0603_1608Metric.wrl
      (at (xyz 0 0 0))
      (scale (xyz 1 1 1))
      (rotate (xyz 0 0 0))
    )
  )

  (module LED_SMD:LED_0603_1608Metric (layer F.Cu) (tedit 5B301BBE) (tstamp 5D711E64)
    (at 140.6 90.2 90)
    (descr "LED SMD 0603 (1608 Metric), square (rectangular) end terminal, IPC_7351 nominal, (Body size source: http://www.tortai-tech.com/upload/download/2011102023233369053.pdf), generated with kicad-footprint-generator")
    (tags diode)
    (path /5D59964E)
    (attr smd)
    (fp_text reference D6 (at 0 -1.43 90) (layer F.SilkS)
      (effects (font (size 0.8 0.8) (thickness 0.15)))
    )
    (fp_text value LED (at 0 1.43 90) (layer F.Fab)
      (effects (font (size 0.8 0.8) (thickness 0.15)))
    )
    (fp_text user %R (at 0 0 90) (layer F.Fab)
      (effects (font (size 0.4 0.4) (thickness 0.06)))
    )
    (fp_line (start 1.48 0.73) (end -1.48 0.73) (layer F.CrtYd) (width 0.05))
    (fp_line (start 1.48 -0.73) (end 1.48 0.73) (layer F.CrtYd) (width 0.05))
    (fp_line (start -1.48 -0.73) (end 1.48 -0.73) (layer F.CrtYd) (width 0.05))
    (fp_line (start -1.48 0.73) (end -1.48 -0.73) (layer F.CrtYd) (width 0.05))
    (fp_line (start -1.485 0.735) (end 0.8 0.735) (layer F.SilkS) (width 0.12))
    (fp_line (start -1.485 -0.735) (end -1.485 0.735) (layer F.SilkS) (width 0.12))
    (fp_line (start 0.8 -0.735) (end -1.485 -0.735) (layer F.SilkS) (width 0.12))
    (fp_line (start 0.8 0.4) (end 0.8 -0.4) (layer F.Fab) (width 0.1))
    (fp_line (start -0.8 0.4) (end 0.8 0.4) (layer F.Fab) (width 0.1))
    (fp_line (start -0.8 -0.1) (end -0.8 0.4) (layer F.Fab) (width 0.1))
    (fp_line (start -0.5 -0.4) (end -0.8 -0.1) (layer F.Fab) (width 0.1))
    (fp_line (start 0.8 -0.4) (end -0.5 -0.4) (layer F.Fab) (width 0.1))
    (pad 2 smd roundrect (at 0.7875 0 90) (size 0.875 0.95) (layers F.Cu F.Paste F.Mask)(roundrect_rratio 0.25)
      (net 43 /GP18))
    (pad 1 smd roundrect (at -0.7875 0 90) (size 0.875 0.95) (layers F.Cu F.Paste F.Mask)(roundrect_rratio 0.25)
      (net 51 "Net-(D6-Pad1)"))
    (model ${KISYS3DMOD}/LED_SMD.3dshapes/LED_0603_1608Metric.wrl
      (at (xyz 0 0 0))
      (scale (xyz 1 1 1))
      (rotate (xyz 0 0 0))
    )
  )

  (module LED_SMD:LED_0603_1608Metric (layer F.Cu) (tedit 5B301BBE) (tstamp 5D711E51)
    (at 137.4 90.2 90)
    (descr "LED SMD 0603 (1608 Metric), square (rectangular) end terminal, IPC_7351 nominal, (Body size source: http://www.tortai-tech.com/upload/download/2011102023233369053.pdf), generated with kicad-footprint-generator")
    (tags diode)
    (path /5D599647)
    (attr smd)
    (fp_text reference D5 (at 0 -1.43 90) (layer F.SilkS)
      (effects (font (size 0.8 0.8) (thickness 0.15)))
    )
    (fp_text value LED (at 0 1.43 90) (layer F.Fab)
      (effects (font (size 0.8 0.8) (thickness 0.15)))
    )
    (fp_line (start 0.8 -0.4) (end -0.5 -0.4) (layer F.Fab) (width 0.1))
    (fp_line (start -0.5 -0.4) (end -0.8 -0.1) (layer F.Fab) (width 0.1))
    (fp_line (start -0.8 -0.1) (end -0.8 0.4) (layer F.Fab) (width 0.1))
    (fp_line (start -0.8 0.4) (end 0.8 0.4) (layer F.Fab) (width 0.1))
    (fp_line (start 0.8 0.4) (end 0.8 -0.4) (layer F.Fab) (width 0.1))
    (fp_line (start 0.8 -0.735) (end -1.485 -0.735) (layer F.SilkS) (width 0.12))
    (fp_line (start -1.485 -0.735) (end -1.485 0.735) (layer F.SilkS) (width 0.12))
    (fp_line (start -1.485 0.735) (end 0.8 0.735) (layer F.SilkS) (width 0.12))
    (fp_line (start -1.48 0.73) (end -1.48 -0.73) (layer F.CrtYd) (width 0.05))
    (fp_line (start -1.48 -0.73) (end 1.48 -0.73) (layer F.CrtYd) (width 0.05))
    (fp_line (start 1.48 -0.73) (end 1.48 0.73) (layer F.CrtYd) (width 0.05))
    (fp_line (start 1.48 0.73) (end -1.48 0.73) (layer F.CrtYd) (width 0.05))
    (fp_text user %R (at 0 0 90) (layer F.Fab)
